0 0.08958333333333333 0.4703125 0.020833333333333332 0.05
0 0.1265625 0.46484375 0.026041666666666668 0.0546875
0 0.16197916666666667 0.4640625 0.026041666666666668 0.05
0 0.19635416666666666 0.4578125 0.021875 0.053125
1 0.23072916666666668 0.45859375 0.021875 0.0609375
2 0.2703125 0.453125 0.021875 0.04375
8 0.30364583333333334 0.4546875 0.019791666666666666 0.05625
1 0.34270833333333334 0.440625 0.016666666666666666 0.04375
3 0.5963541666666666 0.42890625 0.028125 0.0671875
8 0.6390625 0.4296875 0.026041666666666668 0.0625
6 0.6880208333333333 0.43359375 0.028125 0.0515625
8 0.7369791666666666 0.43515625 0.03229166666666667 0.0609375
0 0.7796875 0.4390625 0.021875 0.053125
0 0.8307291666666666 0.44296875 0.021875 0.0578125