0 0.15283203125 0.65625 0.0068359375 0.027777777777777776
0 0.1611328125 0.65625 0.0078125 0.027777777777777776
3 0.17041015625 0.65625 0.0068359375 0.03125
7 0.177734375 0.6545138888888888 0.005859375 0.027777777777777776
9 0.18505859375 0.6553819444444444 0.0068359375 0.029513888888888888
6 0.19384765625 0.6545138888888888 0.0068359375 0.027777777777777776
0 0.2021484375 0.6571180555555556 0.005859375 0.029513888888888888
0 0.2119140625 0.6571180555555556 0.0078125 0.026041666666666668
1 0.2216796875 0.6579861111111112 0.00390625 0.027777777777777776
0 0.4287109375 0.6692708333333334 0.009765625 0.036458333333333336
0 0.443359375 0.6692708333333334 0.01171875 0.036458333333333336
0 0.455078125 0.6701388888888888 0.009765625 0.03819444444444445
0 0.46875 0.6701388888888888 0.009765625 0.03819444444444445
0 0.48095703125 0.6692708333333334 0.0107421875 0.036458333333333336
0 0.49365234375 0.6701388888888888 0.0107421875 0.034722222222222224
0 0.5068359375 0.6684027777777778 0.009765625 0.034722222222222224
2 0.52099609375 0.6701388888888888 0.0107421875 0.034722222222222224
1 0.53662109375 0.6710069444444444 0.0068359375 0.03298611111111111
2 0.83251953125 0.4982638888888889 0.0048828125 0.017361111111111112
5 0.84765625 0.5 0.005859375 0.017361111111111112
2 0.86181640625 0.5026041666666666 0.0048828125 0.012152777777777778
0 0.7587890625 0.4947916666666667 0.0078125 0.017361111111111112
0 0.77490234375 0.4947916666666667 0.0068359375 0.017361111111111112
0 0.78857421875 0.4973958333333333 0.0068359375 0.015625
0 0.80419921875 0.4982638888888889 0.0068359375 0.017361111111111112
0 0.81689453125 0.4991319444444444 0.0048828125 0.015625